# F34 BrakeDataPreprocessor optimizer-compatible export
# Source session: endurance519
# Segment type: endurance_stint | source time 11612.900 to 11661.600 s
# Source files: Endurance 5-19.txt
# Format: no_drs_21_column | estimated: none | missing-as-NaN: tempFLRaw, tempRLRaw | startup-cleaning: trimmed 0.00 s, start 22.0 C, spikes 8545
Time_s	FL_RotorTemp_RAW	FR_RotorTemp_RAW	RL_RotorTemp_RAW	RR_RotorTemp_RAW	Steering_pct	FrontBrakePressure_RAW	AccelPedalA_pct	AccelPedalB_pct	Reserved	RearBrakePressure_RAW	FL_FeedbackTorque_pctMn	FL_FeedbackVelocity_rpm	FR_FeedbackTorque_pctMn	FR_FeedbackVelocity_rpm	RL_FeedbackTorque_pctMn	RL_FeedbackVelocity_rpm	RR_FeedbackTorque_pctMn	RR_FeedbackVelocity_rpm	Velocity_mps	AccelX_mps2
0	NaN	745	NaN	647	1	357	0	0	0	406	-0	-0	0	0	-0	0	-0	-0	0.53	0.441
0.1	NaN	745	NaN	647	1	357	0	0	0	406	-0	-0	0	0	-0	0	-0	-0	0.568	0.369
0.2	NaN	745	NaN	647	1	357	0	0	0	406	-0	-0	0	0	-0	0	-0	-0	0.604	0.329
0.3	NaN	745	NaN	647	1	357	0	0	0	406	-0	-0	0	0	-0	0	-0	-0	0.635	0.278
0.4	NaN	745	NaN	647	1	357	0	0	0	406	-0	-0	0	0	-0	0	-0	-0	0.653	0.224
0.5	NaN	745	NaN	647	1	357	0	0	0	406	-0	-0	0	0	-0	0	-0	-0	0.672	0.266
0.6	NaN	745	NaN	647	1	357	0	0	0	406	-0	-0	0	0	-0	0	-0	-0	0.694	0.143
0.7	NaN	745	NaN	647	1	357	0	0	0	406	-0	-0	0	0	-0	0	-0	-0	0.712	0.064
0.8	NaN	745	NaN	647	1	357	0	0	0	406	-0	-0	0	0	-0	0	-0	-0	0.733	0.242
0.9	NaN	745	NaN	647	1	357	0	0	0	406	-0	-0	0	0	-0	0	-0	-0	0.748	0.193
1	NaN	745	NaN	647	1	357	0	0	0	406	-0	-0	0	0	-0	0	-0	-0	0.767	0.162
1.1	NaN	745	NaN	647	1	357	0	0	0	406	-0	-0	0	0	-0	0	-0	-0	0.792	0.294
1.2	NaN	745	NaN	647	1	357	0	0	0	406	-0	-0	0	0	-0	0	-0	-0	0.821	0.306
1.3	NaN	745	NaN	647	1	357	0	0	0	406	-0	-0	0	0	-0	0	-0	-0	0.843	0.228
1.4	NaN	745	NaN	647	1	357	0	0	0	406	-0	-0	0	0	-0	0	-0	-0	0.868	0.229
1.5	NaN	745	NaN	647	1	357	0	0	0	406	-0	-0	0	0	-0	0	-0	-0	0.896	0.268
1.6	NaN	745	NaN	647	1	357	0	0	0	406	-0	-0	0	0	-0	0	-0	-0	0.933	0.265
1.7	NaN	745	NaN	647	1	357	0	0	0	406	-0	-0	0	0	-0	0	-0	-0	0.948	0.231
1.8	NaN	745	NaN	647	1	357	0	0	0	406	-0	-0	0	0	-0	0	-0	-0	0.961	0.159
1.9	NaN	745	NaN	647	1	357	0	0	0	406	-0	-0	0	0	-0	0	-0	-0	0.972	0.094
2	NaN	745	NaN	647	1	357	0	0	0	406	-0	-0	0	0	-0	0	-0	-0	0.987	0.069
2.1	NaN	745	NaN	647	1	357	0	0	0	406	-0	-0	0	0	-0	0	-0	-0	1.001	0.187
2.2	NaN	745	NaN	647	1	357	0	0	0	406	-0	-0	0	0	-0	0	-0	-0	1.016	0.199
2.3	NaN	745	NaN	647	1	357	0	0	0	406	-0	-0	0	0	-0	0	-0	-0	1.029	0.13
2.4	NaN	745	NaN	647	1	357	0	0	0	406	-0	-0	0	0	-0	0	-0	-0	1.038	0.102
2.5	NaN	745	NaN	647	1	357	0	0	0	406	-0	-0	0	0	-0	0	-0	-0	1.049	0.271
2.6	NaN	745	NaN	647	1	357	0	0	0	406	-0	-0	0	0	-0	0	-0	-0	1.058	0.201
2.7	NaN	745	NaN	647	1	357	0	0	0	406	-0	-0	0	0	-0	0	-0	-0	1.069	0.081
2.8	NaN	745	NaN	647	1	357	0	0	0	406	-0	-0	0	0	-0	0	-0	-0	1.081	0.06
2.9	NaN	745	NaN	647	1	357	0	0	0	406	-0	-0	0	0	-0	0	-0	-0	1.09	-0.009
3	NaN	745	NaN	647	1	357	0	0	0	406	-0	-0	0	0	-0	0	-0	-0	1.094	-0.019
3.1	NaN	745	NaN	647	1	357	0	0	0	406	-0	-0	0	0	-0	0	-0	-0	1.1	-0.101
3.2	NaN	745	NaN	647	1	357	0	0	0	406	-0	-0	0	0	-0	0	-0	-0	1.109	-0.107
3.3	NaN	745	NaN	647	1	357	0	0	0	406	-0	-0	0	0	-0	0	-0	-0	1.12	0.14
3.4	NaN	745	NaN	647	1	357	0	0	0	406	-0	-0	0	0	-0	0	-0	-0	1.133	0.176
3.5	NaN	745	NaN	647	1	357	0	0	0	406	-0	-0	0	0	-0	0	-0	-0	1.144	-0.035
3.6	NaN	745	NaN	647	1	357	0	0	0	406	-0	-0	0	0	-0	0	-0	-0	1.143	0.019
3.7	NaN	745	NaN	647	1	357	0	0	0	406	-0	-0	0	0	-0	0	-0	-0	1.149	0.046
3.8	NaN	745	NaN	647	1	357	0	0	0	406	-0	-0	0	0	-0	0	-0	-0	1.157	-0.042
3.9	NaN	745	NaN	647	1	357	0	0	0	406	-0	-0	0	0	-0	0	-0	-0	1.157	0.063
4	NaN	745	NaN	647	1	357	0	0	0	406	-0	-0	0	0	-0	0	-0	-0	1.161	0.061
4.1	NaN	745	NaN	647	1	357	0	0	0	406	-0	-0	0	0	-0	0	-0	-0	1.164	0.015
4.2	NaN	745	NaN	647	1	357	0	0	0	406	-0	-0	0	0	-0	0	-0	-0	1.171	0.017
4.3	NaN	745	NaN	647	1	357	0	0	0	406	-0	-0	0	0	-0	0	-0	-0	1.183	-0.053
4.4	NaN	745	NaN	647	1	357	0	0	0	406	-0	-0	0	0	-0	0	-0	-0	1.194	0.084
4.5	NaN	745	NaN	647	1	357	0	0	0	406	-0	-0	0	0	-0	0	-0	-0	1.207	0.297
4.6	NaN	745	NaN	647	1	357	0	0	0	406	-0	-0	0	0	-0	0	-0	-0	1.216	0.127
4.7	NaN	745	NaN	647	1	357	0	0	0	406	-0	-0	0	0	-0	0	-0	-0	1.213	0.075
4.8	NaN	745	NaN	647	1	357	0	0	0	406	-0	-0	0	0	-0	0	-0	-0	1.205	-0.018
4.9	NaN	745	NaN	647	1	357	0	0	0	406	-0	-0	0	0	-0	0	-0	-0	1.198	-0.134
5	NaN	745	NaN	647	1	357	0	0	0	406	-0	-0	0	0	-0	0	-0	-0	1.196	0.025
5.1	NaN	745	NaN	647	1	357	0	0	0	406	-0	-0	0	0	-0	0	-0	-0	1.201	0.081
5.2	NaN	745	NaN	647	1	357	0	0	0	406	-0	-0	0	0	-0	0	-0	-0	1.205	-0.011
5.3	NaN	745	NaN	647	1	357	0	0	0	406	-0	-0	0	0	-0	0	-0	-0	1.206	0.069
5.4	NaN	745	NaN	647	1	357	0	0	0	406	-0	-0	0	0	-0	0	-0	-0	1.208	0.079
5.5	NaN	745	NaN	647	1	357	0	0	0	406	-0	-0	0	0	-0	0	-0	-0	1.218	0.07
5.6	NaN	745	NaN	647	1	357	0	0	0	406	-0	-0	0	0	-0	0	-0	-0	1.233	0.157
5.7	NaN	745	NaN	647	1	357	0	0	0	406	-0	-0	0	0	-0	0	-0	-0	1.244	0.173
5.8	NaN	745	NaN	647	1	357	0	0	0	406	-0	-0	0	0	-0	0	-0	-0	1.249	-0.053
5.9	NaN	745	NaN	647	1	357	0	0	0	406	-0	-0	0	0	-0	0	-0	-0	1.241	-0.125
6	NaN	745	NaN	647	1	357	0	0	0	406	-0	-0	0	0	-0	0	-0	-0	1.232	0.002
6.1	NaN	745	NaN	647	1	357	0	0	0	406	-0	-0	0	0	-0	0	-0	-0	1.227	-0.022
6.2	NaN	745	NaN	647	1	357	0	0	0	406	-0	-0	0	0	-0	0	-0	-0	1.225	0.093
6.3	NaN	745	NaN	647	1	357	0	0	0	406	-0	-0	0	0	-0	0	-0	-0	1.225	-0.044
6.4	NaN	745	NaN	647	1	357	0	0	0	406	-0	-0	0	0	-0	0	-0	-0	1.218	-0.132
6.5	NaN	745	NaN	647	1	357	0	0	0	406	-0	-0	0	0	-0	0	-0	-0	1.21	0.054
6.6	NaN	745	NaN	647	1	357	0	0	0	406	-0	-0	0	0	-0	0	-0	-0	1.216	0.225
6.7	NaN	745	NaN	647	1	357	0	0	0	406	-0	-0	0	0	-0	0	-0	-0	1.231	0.266
6.8	NaN	745	NaN	647	1	357	0	0	0	406	-0	-0	0	0	-0	0	-0	-0	1.249	0.152
6.9	NaN	745	NaN	647	1	357	0	0	0	406	-0	-0	0	0	-0	0	-0	-0	1.265	0.012
7	NaN	745	NaN	647	1	357	0	0	0	406	-0	-0	0	0	-0	0	-0	-0	1.268	-0.041
7.1	NaN	745	NaN	647	1	357	0	0	0	406	-0	-0	0	0	-0	0	-0	-0	1.269	-0.167
7.2	NaN	745	NaN	647	1	357	0	0	0	406	-0	-0	0	0	-0	0	-0	-0	1.268	-0.079
7.3	NaN	745	NaN	647	1	357	0	0	0	406	-0	-0	0	0	-0	0	-0	-0	1.269	0.067
7.4	NaN	745	NaN	647	1	357	0	0	0	406	-0	-0	0	0	-0	0	-0	-0	1.27	-0.041
7.5	NaN	745	NaN	647	1	357	0	0	0	406	-0	-0	0	0	-0	0	-0	-0	1.268	-0.03
7.6	NaN	745	NaN	647	1	357	0	0	0	406	-0	-0	0	0	-0	0	-0	-0	1.267	0.043
7.7	NaN	745	NaN	647	1	357	0	0	0	406	-0	-0	0	0	-0	0	-0	-0	1.269	0.019
7.8	NaN	745	NaN	647	1	357	0	0	0	406	-0	-0	0	0	-0	0	-0	-0	1.285	0.056
7.9	NaN	745	NaN	647	1	357	0	0	0	406	-0	-0	0	0	-0	0	-0	-0	1.311	0.034
8	NaN	745	NaN	647	1	357	0	0	0	406	-0	-0	0	0	-0	0	-0	-0	1.324	0.062
8.1	NaN	745	NaN	647	1	357	0	0	0	406	-0	-0	0	0	-0	0	-0	-0	1.336	0.059
8.2	NaN	745	NaN	647	1	357	0	0	0	406	-0	-0	0	0	-0	0	-0	-0	1.341	0.061
8.3	NaN	745	NaN	647	1	357	0	0	0	406	-0	-0	0	0	-0	0	-0	-0	1.338	0.011
8.4	NaN	745	NaN	647	1	357	0	0	0	406	-0	-0	0	0	-0	0	-0	-0	1.339	-0.026
8.5	NaN	745	NaN	647	1	357	0	0	0	406	-0	-0	0	0	-0	0	-0	-0	1.352	0.178
8.6	NaN	745	NaN	647	1	357	0	0	0	406	-0	-0	0	0	-0	0	-0	-0	1.367	0.179
8.7	NaN	745	NaN	647	1	357	0	0	0	406	-0	-0	0	0	-0	0	-0	-0	1.383	0.061
8.8	NaN	745	NaN	647	1	357	0	0	0	406	-0	-0	0	0	-0	0	-0	-0	1.396	0.033
8.9	NaN	745	NaN	647	1	357	0	0	0	406	-0	-0	0	0	-0	0	-0	-0	1.415	0.168
9	NaN	745	NaN	647	1	357	0	0	0	406	-0	-0	0	0	-0	0	-0	-0	1.445	0.321
9.1	NaN	745	NaN	647	1	357	0	0	0	406	-0	-0	0	0	-0	0	-0	-0	1.468	0.426
9.2	NaN	745	NaN	647	1	357	0	0	0	406	-0	-0	0	0	-0	0	-0	-0	1.49	0.179
9.3	NaN	745	NaN	647	1	357	0	0	0	406	-0	-0	0	0	-0	0	-0	-0	1.488	0.007
9.4	NaN	745	NaN	647	1	357	0	0	0	406	-0	-0	0	0	-0	0	-0	-0	1.482	-0.123
9.5	NaN	745	NaN	647	1	357	0	0	0	406	-0	-0	0	0	-0	0	-0	-0	1.479	-0.123
9.6	NaN	745	NaN	647	1	357	0	0	0	406	-0	-0	0	0	-0	0	-0	-0	1.479	-0.018
9.7	NaN	745	NaN	647	1	357	0	0	0	406	-0	-0	0	0	-0	0	-0	-0	1.474	-0.018
9.8	NaN	745	NaN	647	1	357	0	0	0	406	-0	-0	0	0	-0	0	-0	-0	1.465	-0.136
9.9	NaN	745	NaN	647	1	357	0	0	0	406	-0	-0	0	0	-0	0	-0	-0	1.46	-0.167
10	NaN	745	NaN	647	1	357	0	0	0	406	-0	-0	0	0	-0	0	-0	-0	1.457	-0.032
10.1	NaN	745	NaN	647	1	357	0	0	0	406	-0	-0	0	0	-0	0	-0	-0	1.461	0.189
10.2	NaN	745	NaN	647	1	357	0	0	0	406	-0	-0	0	0	-0	0	-0	-0	1.469	0.049
10.3	NaN	745	NaN	647	1	357	0	0	0	406	-0	-0	0	0	-0	0	-0	-0	1.478	-0.06
10.4	NaN	745	NaN	647	1	357	0	0	0	406	-0	-0	0	0	-0	0	-0	-0	1.48	-0.073
10.5	NaN	745	NaN	647	1	357	0	0	0	406	-0	-0	0	0	-0	0	-0	-0	1.48	-0.063
10.6	NaN	745	NaN	647	1	357	0	0	0	406	-0	-0	0	0	-0	0	-0	-0	1.478	-0.109
10.7	NaN	745	NaN	647	1	357	0	0	0	406	-0	-0	0	0	-0	0	-0	-0	1.477	-0.135
10.8	NaN	745	NaN	647	1	357	0	0	0	406	-0	-0	0	0	-0	0	-0	-0	1.475	-0.076
10.9	NaN	745	NaN	647	1	357	0	0	0	406	-0	-0	0	0	-0	0	-0	-0	1.471	0.019
11	NaN	745	NaN	647	1	357	0	0	0	406	-0	-0	0	0	-0	0	-0	-0	1.478	0.066
11.1	NaN	745	NaN	647	1	357	0	0	0	406	-0	-0	0	0	-0	0	-0	-0	1.489	0.096
11.2	NaN	745	NaN	647	1	357	0	0	0	406	-0	-0	0	0	-0	0	-0	-0	1.501	0.08
11.3	NaN	745	NaN	647	1	357	0	0	0	406	-0	-0	0	0	-0	0	-0	-0	1.514	-0.061
11.4	NaN	745	NaN	647	1	357	0	0	0	406	-0	-0	0	0	-0	0	-0	-0	1.512	-0.052
11.5	NaN	745	NaN	647	1	357	0	0	0	406	-0	-0	0	0	-0	0	-0	-0	1.502	-0.044
11.6	NaN	745	NaN	647	1	357	0	0	0	406	-0	-0	0	0	-0	0	-0	-0	1.497	-0.044
11.7	NaN	745	NaN	647	1	357	0	0	0	406	-0	-0	0	0	-0	0	-0	-0	1.493	-0.127
11.8	NaN	745	NaN	647	1	357	0	0	0	406	-0	-0	0	0	-0	0	-0	-0	1.486	-0.109
11.9	NaN	745	NaN	647	1	357	0	0	0	406	-0	-0	0	0	-0	0	-0	-0	1.48	-0.134
12	NaN	745	NaN	647	1	357	0	0	0	406	-0	-0	0	0	-0	0	-0	-0	1.488	-0.08
12.1	NaN	745	NaN	647	1	357	0	0	0	406	-0	-0	0	0	-0	0	-0	-0	1.496	-0.035
12.2	NaN	745	NaN	647	1	357	0	0	0	406	-0	-0	0	0	-0	0	-0	-0	1.501	-0.074
12.3	NaN	745	NaN	647	1	357	0	0	0	406	-0	-0	0	0	-0	0	-0	-0	1.506	-0.06
12.4	NaN	745	NaN	647	1	357	0	0	0	406	-0	-0	0	0	-0	0	-0	-0	1.501	-0.17
12.5	NaN	745	NaN	647	1	357	0	0	0	406	-0	-0	0	0	-0	0	-0	-0	1.489	-0.162
12.6	NaN	745	NaN	647	1	357	0	0	0	406	-0	-0	0	0	-0	0	-0	-0	1.484	0.034
12.7	NaN	745	NaN	647	1	357	0	0	0	406	-0	-0	0	0	-0	0	-0	-0	1.483	0.103
12.8	NaN	745	NaN	647	1	357	0	0	0	406	-0	-0	0	0	-0	0	-0	-0	1.484	0.196
12.9	NaN	745	NaN	647	1	357	0	0	0	406	-0	-0	0	0	-0	0	-0	-0	1.478	0.137
13	NaN	745	NaN	647	1	357	0	0	0	406	-0	-0	0	0	-0	0	-0	-0	1.469	0.084
13.1	NaN	745	NaN	647	1	357	0	0	0	406	-0	-0	0	0	-0	0	-0	-0	1.471	-0.051
13.2	NaN	745	NaN	647	1	357	0	0	0	406	-0	-0	0	0	-0	0	-0	-0	1.476	0.024
13.3	NaN	745	NaN	647	1	357	0	0	0	406	-0	-0	0	0	-0	0	-0	-0	1.485	0.028
13.4	NaN	745	NaN	647	1	357	0	0	0	406	-0	-0	0	0	-0	0	-0	-0	1.499	0.168
13.5	NaN	745	NaN	647	1	357	0	0	0	406	-0	-0	0	0	-0	0	-0	-0	1.498	0.067
13.6	NaN	745	NaN	647	1	357	0	0	0	406	-0	-0	0	0	-0	0	-0	-0	1.492	-0.15
13.7	NaN	745	NaN	647	1	357	0	0	0	406	-0	-0	0	0	-0	0	-0	-0	1.489	-0.055
13.8	NaN	745	NaN	647	1	357	0	0	0	406	-0	-0	0	0	-0	0	-0	-0	1.487	0.013
13.9	NaN	745	NaN	647	1	357	0	0	0	406	-0	-0	0	0	-0	0	-0	-0	1.482	-0.068
14	NaN	745	NaN	647	1	357	0	0	0	406	-0	-0	0	0	-0	0	-0	-0	1.472	-0.138
14.1	NaN	745	NaN	647	1	357	0	0	0	406	-0	-0	0	0	-0	0	-0	-0	1.473	-0.107
14.2	NaN	745	NaN	647	1	357	0	0	0	406	-0	-0	0	0	-0	0	-0	-0	1.48	-0.041
14.3	NaN	745	NaN	647	1	357	0	0	0	406	-0	-0	0	0	-0	0	-0	-0	1.484	0.105
14.4	NaN	745	NaN	647	1	357	0	0	0	406	-0	-0	0	0	-0	0	-0	-0	1.489	0.114
14.5	NaN	745	NaN	647	1	357	0	0	0	406	-0	-0	0	0	-0	0	-0	-0	1.5	0.092
14.6	NaN	745	NaN	647	1	357	0	0	0	406	-0	-0	0	0	-0	0	-0	-0	1.511	0.171
14.7	NaN	745	NaN	647	1	357	0	0	0	406	-0	-0	0	0	-0	0	-0	-0	1.515	0.116
14.8	NaN	745	NaN	647	1	357	0	0	0	406	-0	-0	0	0	-0	0	-0	-0	1.514	0.031
14.9	NaN	745	NaN	647	1	357	0	0	0	406	-0	-0	0	0	-0	0	-0	-0	1.51	-0.016
15	NaN	745	NaN	647	1	357	0	0	0	406	-0	-0	0	0	-0	0	-0	-0	1.504	-0.11
15.1	NaN	745	NaN	647	1	357	0	0	0	406	-0	-0	0	0	-0	0	-0	-0	1.492	-0.054
15.2	NaN	745	NaN	647	1	357	0	0	0	406	-0	-0	0	0	-0	0	-0	-0	1.497	0.12
15.3	NaN	745	NaN	647	1	357	0	0	0	406	-0	-0	0	0	-0	0	-0	-0	1.509	0.135
15.4	NaN	745	NaN	647	1	357	0	0	0	406	-0	-0	0	0	-0	0	-0	-0	1.513	0.096
15.5	NaN	745	NaN	647	1	357	0	0	0	406	-0	-0	0	0	-0	0	-0	-0	1.514	0.075
15.6	NaN	745	NaN	647	1	357	0	0	0	406	-0	-0	0	0	-0	0	-0	-0	1.514	-0.098
15.7	NaN	745	NaN	647	1	357	0	0	0	406	-0	-0	0	0	-0	0	-0	-0	1.515	0.022
15.8	NaN	745	NaN	647	1	357	0	0	0	406	-0	-0	0	0	-0	0	-0	-0	1.516	0.073
15.9	NaN	745	NaN	647	1	357	0	0	0	406	-0	-0	0	0	-0	0	-0	-0	1.508	-0.128
16	NaN	745	NaN	647	1	357	0	0	0	406	-0	-0	0	0	-0	0	-0	-0	1.484	-0.271
16.1	NaN	745	NaN	647	1	357	0	0	0	406	-0	-0	0	0	-0	0	-0	-0	1.458	-0.39
16.2	NaN	745	NaN	647	1	357	0	0	0	406	-0	-0	0	0	-0	0	-0	-0	1.45	-0.195
16.3	NaN	745	NaN	647	1	357	0	0	0	406	-0	-0	0	0	-0	0	-0	-0	1.45	0.05
16.4	NaN	745	NaN	647	1	357	0	0	0	406	-0	-0	0	0	-0	0	-0	-0	1.451	0.058
16.5	NaN	745	NaN	647	1	357	0	0	0	406	-0	-0	0	0	-0	0	-0	-0	1.446	-0.05
16.6	NaN	745	NaN	647	1	357	0	0	0	406	-0	-0	0	0	-0	0	-0	-0	1.439	-0.197
16.7	NaN	745	NaN	647	1	357	0	0	0	406	-0	-0	0	0	-0	0	-0	-0	1.436	-0.177
16.8	NaN	745	NaN	647	1	357	0	0	0	406	-0	-0	0	0	-0	0	-0	-0	1.438	-0.014
16.9	NaN	745	NaN	647	1	357	0	0	0	406	-0	-0	0	0	-0	0	-0	-0	1.434	-0.056
17	NaN	745	NaN	647	1	357	0	0	0	406	-0	-0	0	0	-0	0	-0	-0	1.428	0.024
17.1	NaN	745	NaN	647	1	357	0	0	0	406	-0	-0	0	0	-0	0	-0	-0	1.425	0.01
17.2	NaN	745	NaN	647	1	357	0	0	0	406	-0	-0	0	0	-0	0	-0	-0	1.423	0.075
17.3	NaN	745	NaN	647	1	357	0	0	0	406	-0	-0	0	0	-0	0	-0	-0	1.421	0.029
17.4	NaN	745	NaN	647	1	357	0	0	0	406	-0	-0	0	0	-0	0	-0	-0	1.423	0.13
17.5	NaN	745	NaN	647	1	357	0	0	0	406	-0	-0	0	0	-0	0	-0	-0	1.428	0.035
17.6	NaN	745	NaN	647	1	357	0	0	0	406	-0	-0	0	0	-0	0	-0	-0	1.434	0.093
17.7	NaN	745	NaN	647	1	357	0	0	0	406	-0	-0	0	0	-0	0	-0	-0	1.433	0.206
17.8	NaN	745	NaN	647	1	357	0	0	0	406	-0	-0	0	0	-0	0	-0	-0	1.431	0.147
17.9	NaN	745	NaN	647	1	357	0	0	0	406	-0	-0	0	0	-0	0	-0	-0	1.439	0.035
18	NaN	745	NaN	647	1	357	0	0	0	406	-0	-0	0	0	-0	0	-0	-0	1.45	0.092
18.1	NaN	745	NaN	647	1	357	0	0	0	406	-0	-0	0	0	-0	0	-0	-0	1.447	0.048
18.2	NaN	745	NaN	647	1	357	0	0	0	406	-0	-0	0	0	-0	0	-0	-0	1.441	-0.05
18.3	NaN	745	NaN	647	1	357	0	0	0	406	-0	-0	0	0	-0	0	-0	-0	1.44	0.14
18.4	NaN	745	NaN	647	1	357	0	0	0	406	-0	-0	0	0	-0	0	-0	-0	1.449	0.151
18.5	NaN	745	NaN	647	1	357	0	0	0	406	-0	-0	0	0	-0	0	-0	-0	1.46	0.041
18.6	NaN	745	NaN	647	1	357	0	0	0	406	-0	-0	0	0	-0	0	-0	-0	1.465	0.187
18.7	NaN	745	NaN	647	1	357	0	0	0	406	-0	-0	0	0	-0	0	-0	-0	1.464	0.082
18.8	NaN	745	NaN	647	1	357	0	0	0	406	-0	-0	0	0	-0	0	-0	-0	1.462	0.014
18.9	NaN	745	NaN	647	1	357	0	0	0	406	-0	-0	0	0	-0	0	-0	-0	1.46	-0.011
19	NaN	745	NaN	647	1	357	0	0	0	406	-0	-0	0	0	-0	0	-0	-0	1.471	0.014
19.1	NaN	745	NaN	647	1	357	0	0	0	406	-0	-0	0	0	-0	0	-0	-0	1.484	0.017
19.2	NaN	745	NaN	647	1	357	0	0	0	406	-0	-0	0	0	-0	0	-0	-0	1.478	-0.154
19.3	NaN	745	NaN	647	1	357	0	0	0	406	-0	-0	0	0	-0	0	-0	-0	1.469	-0.162
19.4	NaN	745	NaN	647	1	357	0	0	0	406	-0	-0	0	0	-0	0	-0	-0	1.477	-0.092
19.5	NaN	745	NaN	647	1	357	0	0	0	406	-0	-0	0	0	-0	0	-0	-0	1.495	0.084
19.6	NaN	745	NaN	647	1	357	0	0	0	406	-0	-0	0	0	-0	0	-0	-0	1.503	0.191
19.7	NaN	745	NaN	647	1	357	0	0	0	406	-0	-0	0	0	-0	0	-0	-0	1.507	0.129
19.8	NaN	745	NaN	647	1	357	0	0	0	406	-0	-0	0	0	-0	0	-0	-0	1.511	0.034
19.9	NaN	745	NaN	647	1	357	0	0	0	406	-0	-0	0	0	-0	0	-0	-0	1.51	0.009
20	NaN	745	NaN	647	1	357	0	0	0	406	-0	-0	0	0	-0	0	-0	-0	1.515	-0.019
20.1	NaN	745	NaN	647	1	357	0	0	0	406	-0	-0	0	0	-0	0	-0	-0	1.526	0.159
20.2	NaN	745	NaN	647	1	357	0	0	0	406	-0	-0	0	0	-0	0	-0	-0	1.531	0.044
20.3	NaN	745	NaN	647	1	357	0	0	0	406	-0	-0	0	0	-0	0	-0	-0	1.53	-0.103
20.4	NaN	745	NaN	647	1	357	0	0	0	406	-0	-0	0	0	-0	0	-0	-0	1.526	0.113
20.5	NaN	745	NaN	647	1	357	0	0	0	406	-0	-0	0	0	-0	0	-0	-0	1.528	0.193
20.6	NaN	745	NaN	647	1	357	0	0	0	406	-0	-0	0	0	-0	0	-0	-0	1.536	0.23
20.7	NaN	745	NaN	647	1	357	0	0	0	406	-0	-0	0	0	-0	0	-0	-0	1.537	0.018
20.8	NaN	745	NaN	647	1	357	0	0	0	406	-0	-0	0	0	-0	0	-0	-0	1.533	-0.179
20.9	NaN	745	NaN	647	1	357	0	0	0	406	-0	-0	0	0	-0	0	-0	-0	1.535	-0.037
21	NaN	745	NaN	647	1	357	0	0	0	406	-0	-0	0	0	-0	0	-0	-0	1.536	-0.116
21.1	NaN	745	NaN	647	1	357	0	0	0	406	-0	-0	0	0	-0	0	-0	-0	1.54	0.031
21.2	NaN	745	NaN	647	1	357	0	0	0	406	-0	-0	0	0	-0	0	-0	-0	1.548	0.15
21.3	NaN	745	NaN	647	1	357	0	0	0	406	-0	-0	0	0	-0	0	-0	-0	1.556	0.094
21.4	NaN	745	NaN	647	1	357	0	0	0	406	-0	-0	0	0	-0	0	-0	-0	1.569	0.151
21.5	NaN	745	NaN	647	1	357	0	0	0	406	-0	-0	0	0	-0	0	-0	-0	1.571	0.041
21.6	NaN	745	NaN	647	1	357	0	0	0	406	-0	-0	0	0	-0	0	-0	-0	1.572	-0.11
21.7	NaN	745	NaN	647	1	357	0	0	0	406	-0	-0	0	0	-0	0	-0	-0	1.571	-0.175
21.8	NaN	745	NaN	647	1	357	0	0	0	406	-0	-0	0	0	-0	0	-0	-0	1.566	-0.095
21.9	NaN	745	NaN	647	1	357	0	0	0	406	-0	-0	0	0	-0	0	-0	-0	1.564	-0.024
22	NaN	745	NaN	647	1	357	0	0	0	406	-0	-0	0	0	-0	0	-0	-0	1.563	0.019
22.1	NaN	745	NaN	647	1	357	0	0	0	406	-0	-0	0	0	-0	0	-0	-0	1.561	0.029
22.2	NaN	745	NaN	647	1	357	0	0	0	406	-0	-0	0	0	-0	0	-0	-0	1.56	0.102
22.3	NaN	745	NaN	647	1	357	0	0	0	406	-0	-0	0	0	-0	0	-0	-0	1.565	0.117
22.4	NaN	745	NaN	647	1	357	0	0	0	406	-0	-0	0	0	-0	0	-0	-0	1.575	0.21
22.5	NaN	745	NaN	647	1	357	0	0	0	406	-0	-0	0	0	-0	0	-0	-0	1.58	0.239
22.6	NaN	745	NaN	647	1	357	0	0	0	406	-0	-0	0	0	-0	0	-0	-0	1.585	0.076
22.7	NaN	745	NaN	647	1	357	0	0	0	406	-0	-0	0	0	-0	0	-0	-0	1.585	0.054
22.8	NaN	745	NaN	647	1	357	0	0	0	406	-0	-0	0	0	-0	0	-0	-0	1.58	-0.049
22.9	NaN	745	NaN	647	1	357	0	0	0	406	-0	-0	0	0	-0	0	-0	-0	1.581	-0.042
23	NaN	745	NaN	647	1	357	0	0	0	406	-0	-0	0	0	-0	0	-0	-0	1.584	-0.051
23.1	NaN	745	NaN	647	1	357	0	0	0	406	-0	-0	0	0	-0	0	-0	-0	1.589	-0.013
23.2	NaN	745	NaN	647	1	357	0	0	0	406	-0	-0	0	0	-0	0	-0	-0	1.586	-0.093
23.3	NaN	745	NaN	647	1	357	0	0	0	406	-0	-0	0	0	-0	0	-0	-0	1.582	-0.031
23.4	NaN	745	NaN	647	1	357	0	0	0	406	-0	-0	0	0	-0	0	-0	-0	1.59	0.009
23.5	NaN	745	NaN	647	1	357	0	0	0	406	-0	-0	0	0	-0	0	-0	-0	1.6	-0.013
23.6	NaN	745	NaN	647	1	357	0	0	0	406	-0	-0	0	0	-0	0	-0	-0	1.599	-0.028
23.7	NaN	745	NaN	647	1	357	0	0	0	406	-0	-0	0	0	-0	0	-0	-0	1.593	-0.089
23.8	NaN	745	NaN	647	1	357	0	0	0	406	-0	-0	0	0	-0	0	-0	-0	1.578	-0.171
23.9	NaN	745	NaN	647	1	357	0	0	0	406	-0	-0	0	0	-0	0	-0	-0	1.567	-0.113
24	NaN	745	NaN	647	1	357	0	0	0	406	-0	-0	0	0	-0	0	-0	-0	1.558	0.036
24.1	NaN	745	NaN	647	1	357	0	0	0	406	-0	-0	0	0	-0	0	-0	-0	1.554	0.013
24.2	NaN	745	NaN	647	1	357	0	0	0	406	-0	-0	0	0	-0	0	-0	-0	1.554	-0.103
24.3	NaN	745	NaN	647	1	357	0	0	0	406	-0	-0	0	0	-0	0	-0	-0	1.55	0.034
24.4	NaN	745	NaN	647	1	357	0	0	0	406	-0	-0	0	0	-0	0	-0	-0	1.553	0.227
24.5	NaN	745	NaN	647	1	357	0	0	0	406	-0	-0	0	0	-0	0	-0	-0	1.564	0.28
24.6	NaN	745	NaN	647	1	357	0	0	0	406	-0	-0	0	0	-0	0	-0	-0	1.575	0.221
24.7	NaN	745	NaN	647	1	357	0	0	0	406	-0	-0	0	0	-0	0	-0	-0	1.582	0.13
24.8	NaN	745	NaN	647	1	357	0	0	0	406	-0	-0	0	0	-0	0	-0	-0	1.58	0.062
24.9	NaN	745	NaN	647	1	357	0	0	0	406	-0	-0	0	0	-0	0	-0	-0	1.575	-0.04
25	NaN	745	NaN	647	1	357	0	0	0	406	-0	-0	0	0	-0	0	-0	-0	1.571	-0.106
25.1	NaN	745	NaN	647	1	357	0	0	0	406	-0	-0	0	0	-0	0	-0	-0	1.571	0.058
25.2	NaN	745	NaN	647	1	357	0	0	0	406	-0	-0	0	0	-0	0	-0	-0	1.574	0.101
25.3	NaN	745	NaN	647	1	357	0	0	0	406	-0	-0	0	0	-0	0	-0	-0	1.575	0.072
25.4	NaN	745	NaN	647	1	357	0	0	0	406	-0	-0	0	0	-0	0	-0	-0	1.577	0.143
25.5	NaN	745	NaN	647	1	357	0	0	0	406	-0	-0	0	0	-0	0	-0	-0	1.584	0.099
25.6	NaN	745	NaN	647	1	357	0	0	0	406	-0	-0	0	0	-0	0	-0	-0	1.596	0.099
25.7	NaN	745	NaN	647	1	357	0	0	0	406	-0	-0	0	0	-0	0	-0	-0	1.593	0.089
25.8	NaN	745	NaN	647	1	357	0	0	0	406	-0	-0	0	0	-0	0	-0	-0	1.582	0.017
25.9	NaN	745	NaN	647	1	357	0	0	0	406	-0	-0	0	0	-0	0	-0	-0	1.572	0.074
26	NaN	745	NaN	647	1	357	0	0	0	406	-0	-0	0	0	-0	0	-0	-0	1.569	0.08
26.1	NaN	745	NaN	647	1	357	0	0	0	406	-0	-0	0	0	-0	0	-0	-0	1.564	-0.137
26.2	NaN	745	NaN	647	1	357	0	0	0	406	-0	-0	0	0	-0	0	-0	-0	1.558	-0.147
26.3	NaN	745	NaN	647	1	357	0	0	0	406	-0	-0	0	0	-0	0	-0	-0	1.553	-0.088
26.4	NaN	745	NaN	647	1	357	0	0	0	406	-0	-0	0	0	-0	0	-0	-0	1.545	-0.063
26.5	NaN	745	NaN	647	1	357	0	0	0	406	-0	-0	0	0	-0	0	-0	-0	1.545	-0.055
26.6	NaN	745	NaN	647	1	357	0	0	0	406	-0	-0	0	0	-0	0	-0	-0	1.546	0.07
26.7	NaN	745	NaN	647	1	357	0	0	0	406	-0	-0	0	0	-0	0	-0	-0	1.552	0.096
26.8	NaN	745	NaN	647	1	357	0	0	0	406	-0	-0	0	0	-0	0	-0	-0	1.559	-0.147
26.9	NaN	745	NaN	647	1	357	0	0	0	406	-0	-0	0	0	-0	0	-0	-0	1.559	-0.024
27	NaN	745	NaN	647	1	357	0	0	0	406	-0	-0	0	0	-0	0	-0	-0	1.563	0.025
27.1	NaN	745	NaN	647	1	357	0	0	0	406	-0	-0	0	0	-0	0	-0	-0	1.57	-0.079
27.2	NaN	745	NaN	647	1	357	0	0	0	406	-0	-0	0	0	-0	0	-0	-0	1.57	0.04
27.3	NaN	745	NaN	647	1	357	0	0	0	406	-0	-0	0	0	-0	0	-0	-0	1.57	0.043
27.4	NaN	745	NaN	647	1	357	0	0	0	406	-0	-0	0	0	-0	0	-0	-0	1.576	0.064
27.5	NaN	745	NaN	647	1	357	0	0	0	406	-0	-0	0	0	-0	0	-0	-0	1.584	0.039
27.6	NaN	745	NaN	647	1	357	0	0	0	406	-0	-0	0	0	-0	0	-0	-0	1.588	0.003
27.7	NaN	745	NaN	647	1	357	0	0	0	406	-0	-0	0	0	-0	0	-0	-0	1.596	-0.065
27.8	NaN	745	NaN	647	1	357	0	0	0	406	-0	-0	0	0	-0	0	-0	-0	1.596	0.033
27.9	NaN	745	NaN	647	1	357	0	0	0	406	-0	-0	0	0	-0	0	-0	-0	1.594	0.108
28	NaN	745	NaN	647	1	357	0	0	0	406	-0	-0	0	0	-0	0	-0	-0	1.587	0.083
28.1	NaN	745	NaN	647	1	357	0	0	0	406	-0	-0	0	0	-0	0	-0	-0	1.578	-0.026
28.2	NaN	745	NaN	647	1	357	0	0	0	406	-0	-0	0	0	-0	0	-0	-0	1.575	-0.028
28.3	NaN	745	NaN	647	1	357	0	0	0	406	-0	-0	0	0	-0	0	-0	-0	1.573	0.017
28.4	NaN	745	NaN	647	1	357	0	0	0	406	-0	-0	0	0	-0	0	-0	-0	1.579	0.027
28.5	NaN	745	NaN	647	1	357	0	0	0	406	-0	-0	0	0	-0	0	-0	-0	1.588	0.102
28.6	NaN	745	NaN	647	1	357	0	0	0	406	-0	-0	0	0	-0	0	-0	-0	1.6	0.222
28.7	NaN	745	NaN	647	1	357	0	0	0	406	-0	-0	0	0	-0	0	-0	-0	1.606	0.187
28.8	NaN	745	NaN	647	1	357	0	0	0	406	-0	-0	0	0	-0	0	-0	-0	1.607	-0.075
28.9	NaN	745	NaN	647	1	357	0	0	0	406	-0	-0	0	0	-0	0	-0	-0	1.609	-0.103
29	NaN	745	NaN	647	1	357	0	0	0	406	-0	-0	0	0	-0	0	-0	-0	1.606	-0.073
29.1	NaN	745	NaN	647	1	357	0	0	0	406	-0	-0	0	0	-0	0	-0	-0	1.602	-0.123
29.2	NaN	745	NaN	647	1	357	0	0	0	406	-0	-0	0	0	-0	0	-0	-0	1.599	0.022
29.3	NaN	745	NaN	647	1	357	0	0	0	406	-0	-0	0	0	-0	0	-0	-0	1.6	0.118
29.4	NaN	745	NaN	647	1	357	0	0	0	406	-0	-0	0	0	-0	0	-0	-0	1.607	0.177
29.5	NaN	745	NaN	647	1	357	0	0	0	406	-0	-0	0	0	-0	0	-0	-0	1.622	0.239
29.6	NaN	745	NaN	647	1	357	0	0	0	406	-0	-0	0	0	-0	0	-0	-0	1.635	0.033
29.7	NaN	745	NaN	647	1	357	0	0	0	406	-0	-0	0	0	-0	0	-0	-0	1.63	-0.089
29.8	NaN	745	NaN	647	1	357	0	0	0	406	-0	-0	0	0	-0	0	-0	-0	1.624	0.069
29.9	NaN	745	NaN	647	1	357	0	0	0	406	-0	-0	0	0	-0	0	-0	-0	1.628	0.064
30	NaN	745	NaN	647	1	357	0	0	0	406	-0	-0	0	0	-0	0	-0	-0	1.638	0.006
30.1	NaN	745	NaN	647	1	357	0	0	0	406	-0	-0	0	0	-0	0	-0	-0	1.645	0.123
30.2	NaN	745	NaN	647	1	357	0	0	0	406	-0	-0	0	0	-0	0	-0	-0	1.648	0.084
30.3	NaN	745	NaN	647	1	357	0	0	0	406	-0	-0	0	0	-0	0	-0	-0	1.647	0.078
30.4	NaN	745	NaN	647	1	357	0	0	0	406	-0	-0	0	0	-0	0	-0	-0	1.645	0.116
30.5	NaN	745	NaN	647	1	357	0	0	0	406	-0	-0	0	0	-0	0	-0	-0	1.645	0.032
30.6	NaN	745	NaN	647	1	357	0	0	0	406	-0	-0	0	0	-0	0	-0	-0	1.65	-0.037
30.7	NaN	745	NaN	647	1	357	0	0	0	406	-0	-0	0	0	-0	0	-0	-0	1.64	-0.267
30.8	NaN	745	NaN	647	1	357	0	0	0	406	-0	-0	0	0	-0	0	-0	-0	1.627	-0.139
30.9	NaN	745	NaN	647	1	357	0	0	0	406	-0	-0	0	0	-0	0	-0	-0	1.625	0.049
31	NaN	745	NaN	647	1	357	0	0	0	406	-0	-0	0	0	-0	0	-0	-0	1.628	0.049
31.1	NaN	745	NaN	647	1	357	0	0	0	406	-0	-0	0	0	-0	0	-0	-0	1.631	-0.029
31.2	NaN	745	NaN	647	1	357	0	0	0	406	-0	-0	0	0	-0	0	-0	-0	1.63	-0.008
31.3	NaN	745	NaN	647	1	357	0	0	0	406	-0	-0	0	0	-0	0	-0	-0	1.627	0.013
31.4	NaN	745	NaN	647	1	357	0	0	0	406	-0	-0	0	0	-0	0	-0	-0	1.627	0.049
31.5	NaN	745	NaN	647	1	357	0	0	0	406	-0	-0	0	0	-0	0	-0	-0	1.628	0.115
31.6	NaN	745	NaN	647	1	357	0	0	0	406	-0	-0	0	0	-0	0	-0	-0	1.633	-0.006
31.7	NaN	745	NaN	647	1	357	0	0	0	406	-0	-0	0	0	-0	0	-0	-0	1.632	-0.095
31.8	NaN	745	NaN	647	1	357	0	0	0	406	-0	-0	0	0	-0	0	-0	-0	1.621	-0.052
31.9	NaN	745	NaN	647	1	357	0	0	0	406	-0	-0	0	0	-0	0	-0	-0	1.618	-0.074
32	NaN	745	NaN	647	1	357	0	0	0	406	-0	-0	0	0	-0	0	-0	-0	1.626	-0.024
32.1	NaN	745	NaN	647	1	357	0	0	0	406	-0	-0	0	0	-0	0	-0	-0	1.635	-0.003
32.2	NaN	745	NaN	647	1	357	0	0	0	406	-0	-0	0	0	-0	0	-0	-0	1.644	-0.055
32.3	NaN	745	NaN	647	1	357	0	0	0	406	-0	-0	0	0	-0	0	-0	-0	1.65	-0.025
32.4	NaN	745	NaN	647	1	357	0	0	0	406	-0	-0	0	0	-0	0	-0	-0	1.652	0.082
32.5	NaN	745	NaN	647	1	357	0	0	0	406	-0	-0	0	0	-0	0	-0	-0	1.653	0.186
32.6	NaN	745	NaN	647	1	357	0	0	0	406	-0	-0	0	0	-0	0	-0	-0	1.659	0.08
32.7	NaN	745	NaN	647	1	357	0	0	0	406	-0	-0	0	0	-0	0	-0	-0	1.665	-0.065
32.8	NaN	745	NaN	647	1	357	0	0	0	406	-0	-0	0	0	-0	0	-0	-0	1.662	-0.043
32.9	NaN	745	NaN	647	1	357	0	0	0	406	-0	-0	0	0	-0	0	-0	-0	1.661	0.033
33	NaN	745	NaN	647	1	357	0	0	0	406	-0	-0	0	0	-0	0	-0	-0	1.672	0.046
33.1	NaN	745	NaN	647	1	357	0	0	0	406	-0	-0	0	0	-0	0	-0	-0	1.68	0.023
33.2	NaN	745	NaN	647	1	357	0	0	0	406	-0	-0	0	0	-0	0	-0	-0	1.677	-0.013
33.3	NaN	745	NaN	647	1	357	0	0	0	406	-0	-0	0	0	-0	0	-0	-0	1.667	-0.002
33.4	NaN	745	NaN	647	1	357	0	0	0	406	-0	-0	0	0	-0	0	-0	-0	1.666	0.017
33.5	NaN	745	NaN	647	1	357	0	0	0	406	-0	-0	0	0	-0	0	-0	-0	1.671	0.036
33.6	NaN	745	NaN	647	1	357	0	0	0	406	-0	-0	0	0	-0	0	-0	-0	1.665	-0.105
33.7	NaN	745	NaN	647	1	357	0	0	0	406	-0	-0	0	0	-0	0	-0	-0	1.662	-0.183
33.8	NaN	745	NaN	647	1	357	0	0	0	406	-0	-0	0	0	-0	0	-0	-0	1.655	-0.011
33.9	NaN	745	NaN	647	1	357	0	0	0	406	-0	-0	0	0	-0	0	-0	-0	1.649	0.002
34	NaN	745	NaN	647	1	357	0	0	0	406	-0	-0	0	0	-0	0	-0	-0	1.648	0.059
34.1	NaN	745	NaN	647	1	357	0	0	0	406	-0	-0	0	0	-0	0	-0	-0	1.643	0.174
34.2	NaN	745	NaN	647	1	357	0	0	0	406	-0	-0	0	0	-0	0	-0	-0	1.637	-0.055
34.3	NaN	745	NaN	647	1	357	0	0	0	406	-0	-0	0	0	-0	0	-0	-0	1.626	-0.309
34.4	NaN	745	NaN	647	1	357	0	0	0	406	-0	-0	0	0	-0	0	-0	-0	1.611	-0.237
34.5	NaN	745	NaN	647	1	357	0	0	0	406	-0	-0	0	0	-0	0	-0	-0	1.608	-0.004
34.6	NaN	745	NaN	647	1	357	0	0	0	406	-0	-0	0	0	-0	0	-0	-0	1.607	-0.036
34.7	NaN	745	NaN	647	1	357	0	0	0	406	-0	-0	0	0	-0	0	-0	-0	1.602	-0.058
34.8	NaN	745	NaN	647	1	357	0	0	0	406	-0	-0	0	0	-0	0	-0	-0	1.601	-0.12
34.9	NaN	745	NaN	647	1	357	0	0	0	406	-0	-0	0	0	-0	0	-0	-0	1.607	-0.158
35	NaN	745	NaN	647	1	357	0	0	0	406	-0	-0	0	0	-0	0	-0	-0	1.609	-0.059
35.1	NaN	745	NaN	647	1	357	0	0	0	406	-0	-0	0	0	-0	0	-0	-0	1.608	-0.128
35.2	NaN	745	NaN	647	1	357	0	0	0	406	-0	-0	0	0	-0	0	-0	-0	1.608	-0.075
35.3	NaN	745	NaN	647	1	357	0	0	0	406	-0	-0	0	0	-0	0	-0	-0	1.606	-0.075
35.4	NaN	745	NaN	647	1	357	0	0	0	406	-0	-0	0	0	-0	0	-0	-0	1.604	-0.086
35.5	NaN	745	NaN	647	1	357	0	0	0	406	-0	-0	0	0	-0	0	-0	-0	1.601	-0.076
35.6	NaN	745	NaN	647	1	357	0	0	0	406	-0	-0	0	0	-0	0	-0	-0	1.602	-0.083
35.7	NaN	745	NaN	647	1	357	0	0	0	406	-0	-0	0	0	-0	0	-0	-0	1.602	-0.095
35.8	NaN	745	NaN	647	1	357	0	0	0	406	-0	-0	0	0	-0	0	-0	-0	1.601	-0.003
35.9	NaN	745	NaN	647	1	357	0	0	0	406	-0	-0	0	0	-0	0	-0	-0	1.604	0.059
36	NaN	745	NaN	647	1	357	0	0	0	406	-0	-0	0	0	-0	0	-0	-0	1.607	0.012
36.1	NaN	745	NaN	647	1	357	0	0	0	406	-0	-0	0	0	-0	0	-0	-0	1.606	-0.067
36.2	NaN	745	NaN	647	1	357	0	0	0	406	-0	-0	0	0	-0	0	-0	-0	1.599	-0.002
36.3	NaN	745	NaN	647	1	357	0	0	0	406	-0	-0	0	0	-0	0	-0	-0	1.595	0.058
36.4	NaN	745	NaN	647	1	357	0	0	0	406	-0	-0	0	0	-0	0	-0	-0	1.592	0.036
36.5	NaN	745	NaN	647	1	357	0	0	0	406	-0	-0	0	0	-0	0	-0	-0	1.584	-0.114
36.6	NaN	745	NaN	647	1	357	0	0	0	406	-0	-0	0	0	-0	0	-0	-0	1.574	-0.017
36.7	NaN	745	NaN	647	1	357	0	0	0	406	-0	-0	0	0	-0	0	-0	-0	1.567	-0.036
36.8	NaN	745	NaN	647	1	357	0	0	0	406	-0	-0	0	0	-0	0	-0	-0	1.565	0.021
36.9	NaN	745	NaN	647	1	357	0	0	0	406	-0	-0	0	0	-0	0	-0	-0	1.566	0.052
37	NaN	745	NaN	647	1	357	0	0	0	406	-0	-0	0	0	-0	0	-0	-0	1.575	0.057
37.1	NaN	745	NaN	647	1	357	0	0	0	406	-0	-0	0	0	-0	0	-0	-0	1.587	0.029
37.2	NaN	745	NaN	647	1	357	0	0	0	406	-0	-0	0	0	-0	0	-0	-0	1.584	-0.042
37.3	NaN	745	NaN	647	1	357	0	0	0	406	-0	-0	0	0	-0	0	-0	-0	1.577	-0.095
37.4	NaN	745	NaN	647	1	357	0	0	0	406	-0	-0	0	0	-0	0	-0	-0	1.579	-0.009
37.5	NaN	745	NaN	647	1	357	0	0	0	406	-0	-0	0	0	-0	0	-0	-0	1.583	0.017
37.6	NaN	745	NaN	647	1	357	0	0	0	406	-0	-0	0	0	-0	0	-0	-0	1.577	-0.14
37.7	NaN	745	NaN	647	1	357	0	0	0	406	-0	-0	0	0	-0	0	-0	-0	1.568	-0.147
37.8	NaN	745	NaN	647	1	357	0	0	0	406	-0	-0	0	0	-0	0	-0	-0	1.56	-0.19
37.9	NaN	745	NaN	647	1	357	0	0	0	406	-0	-0	0	0	-0	0	-0	-0	1.553	-0.124
38	NaN	745	NaN	647	1	357	0	0	0	406	-0	-0	0	0	-0	0	-0	-0	1.554	0.049
38.1	NaN	745	NaN	647	1	357	0	0	0	406	-0	-0	0	0	-0	0	-0	-0	1.563	0.025
38.2	NaN	745	NaN	647	1	357	0	0	0	406	-0	-0	0	0	-0	0	-0	-0	1.567	-0.084
38.3	NaN	745	NaN	647	1	357	0	0	0	406	-0	-0	0	0	-0	0	-0	-0	1.562	-0.146
38.4	NaN	745	NaN	647	1	357	0	0	0	406	-0	-0	0	0	-0	0	-0	-0	1.55	-0.017
38.5	NaN	745	NaN	647	1	357	0	0	0	406	-0	-0	0	0	-0	0	-0	-0	1.552	0.32
38.6	NaN	745	NaN	647	1	357	0	0	0	406	-0	-0	0	0	-0	0	-0	-0	1.562	0.284
38.7	NaN	745	NaN	647	1	357	0	0	0	406	-0	-0	0	0	-0	0	-0	-0	1.567	0.14
38.8	NaN	745	NaN	647	1	357	0	0	0	406	-0	-0	0	0	-0	0	-0	-0	1.573	0.184
38.9	NaN	745	NaN	647	1	357	0	0	0	406	-0	-0	0	0	-0	0	-0	-0	1.579	0.134
39	NaN	745	NaN	647	1	357	0	0	0	406	-0	-0	0	0	-0	0	-0	-0	1.583	0.036
39.1	NaN	745	NaN	647	1	357	0	0	0	406	-0	-0	0	0	-0	0	-0	-0	1.581	-0.026
39.2	NaN	745	NaN	647	1	357	0	0	0	406	-0	-0	0	0	-0	0	-0	-0	1.575	-0.165
39.3	NaN	745	NaN	647	1	357	0	0	0	406	-0	-0	0	0	-0	0	-0	-0	1.559	-0.137
39.4	NaN	745	NaN	647	1	357	0	0	0	406	-0	-0	0	0	-0	0	-0	-0	1.544	-0.016
39.5	NaN	745	NaN	647	1	357	0	0	0	406	-0	-0	0	0	-0	0	-0	-0	1.545	0.132
39.6	NaN	745	NaN	647	1	357	0	0	0	406	-0	-0	0	0	-0	0	-0	-0	1.56	0.327
39.7	NaN	745	NaN	647	1	357	0	0	0	406	-0	-0	0	0	-0	0	-0	-0	1.576	0.336
39.8	NaN	745	NaN	647	1	357	0	0	0	406	-0	-0	0	0	-0	0	-0	-0	1.585	0.174
39.9	NaN	745	NaN	647	1	357	0	0	0	406	-0	-0	0	0	-0	0	-0	-0	1.583	-0.046
40	NaN	745	NaN	647	1	357	0	0	0	406	-0	-0	0	0	-0	0	-0	-0	1.574	-0.211
40.1	NaN	745	NaN	647	1	357	0	0	0	406	-0	-0	0	0	-0	0	-0	-0	1.562	-0.155
40.2	NaN	745	NaN	647	1	357	0	0	0	406	-0	-0	0	0	-0	0	-0	-0	1.552	-0.169
40.3	NaN	745	NaN	647	1	357	0	0	0	406	-0	-0	0	0	-0	0	-0	-0	1.546	-0.017
40.4	NaN	745	NaN	647	1	357	0	0	0	406	-0	-0	0	0	-0	0	-0	-0	1.544	0.104
40.5	NaN	745	NaN	647	1	357	0	0	0	406	-0	-0	0	0	-0	0	-0	-0	1.545	-0.021
40.6	NaN	745	NaN	647	1	357	0	0	0	406	-0	-0	0	0	-0	0	-0	-0	1.563	0.035
40.7	NaN	745	NaN	647	1	357	0	0	0	406	-0	-0	0	0	-0	0	-0	-0	1.584	0.035
40.8	NaN	745	NaN	647	1	357	0	0	0	406	-0	-0	0	0	-0	0	-0	-0	1.587	-0.012
40.9	NaN	745	NaN	647	1	357	0	0	0	406	-0	-0	0	0	-0	0	-0	-0	1.588	-0.093
41	NaN	745	NaN	647	1	357	0	0	0	406	-0	-0	0	0	-0	0	-0	-0	1.586	-0.097
41.1	NaN	745	NaN	647	1	357	0	0	0	406	-0	-0	0	0	-0	0	-0	-0	1.584	0.034
41.2	NaN	745	NaN	647	1	357	0	0	0	406	-0	-0	0	0	-0	0	-0	-0	1.592	0.046
41.3	NaN	745	NaN	647	1	357	0	0	0	406	-0	-0	0	0	-0	0	-0	-0	1.598	-0.045
41.4	NaN	745	NaN	647	1	357	0	0	0	406	-0	-0	0	0	-0	0	-0	-0	1.596	-0.036
41.5	NaN	745	NaN	647	1	357	0	0	0	406	-0	-0	0	0	-0	0	-0	-0	1.598	-0.003
41.6	NaN	745	NaN	647	1	357	0	0	0	406	-0	-0	0	0	-0	0	-0	-0	1.61	-0.007
41.7	NaN	745	NaN	647	1	357	0	0	0	406	-0	-0	0	0	-0	0	-0	-0	1.619	-0.083
41.8	NaN	745	NaN	647	1	357	0	0	0	406	-0	-0	0	0	-0	0	-0	-0	1.61	-0.378
41.9	NaN	745	NaN	647	1	357	0	0	0	406	-0	-0	0	0	-0	0	-0	-0	1.593	-0.401
42	NaN	745	NaN	647	1	357	0	0	0	406	-0	-0	0	0	-0	0	-0	-0	1.575	-0.25
42.1	NaN	745	NaN	647	1	357	0	0	0	406	-0	-0	0	0	-0	0	-0	-0	1.564	-0.071
42.2	NaN	745	NaN	647	1	357	0	0	0	406	-0	-0	0	0	-0	0	-0	-0	1.564	0.071
42.3	NaN	745	NaN	647	1	357	0	0	0	406	-0	-0	0	0	-0	0	-0	-0	1.566	-0.035
42.4	NaN	745	NaN	647	1	357	0	0	0	406	-0	-0	0	0	-0	0	-0	-0	1.56	-0.113
42.5	NaN	745	NaN	647	1	357	0	0	0	406	-0	-0	0	0	-0	0	-0	-0	1.561	-0.036
42.6	NaN	745	NaN	647	1	357	0	0	0	406	-0	-0	0	0	-0	0	-0	-0	1.564	0.036
42.7	NaN	745	NaN	647	1	357	0	0	0	406	-0	-0	0	0	-0	0	-0	-0	1.57	0.049
42.8	NaN	745	NaN	647	1	357	0	0	0	406	-0	-0	0	0	-0	0	-0	-0	1.574	-0.059
42.9	NaN	745	NaN	647	1	357	0	0	0	406	-0	-0	0	0	-0	0	-0	-0	1.579	-0.037
43	NaN	745	NaN	647	1	357	0	0	0	406	-0	-0	0	0	-0	0	-0	-0	1.578	-0.089
43.1	NaN	745	NaN	647	1	357	0	0	0	406	-0	-0	0	0	-0	0	-0	-0	1.57	-0.079
43.2	NaN	745	NaN	647	1	357	0	0	0	406	-0	-0	0	0	-0	0	-0	-0	1.569	-0.001
43.3	NaN	745	NaN	647	1	357	0	0	0	406	-0	-0	0	0	-0	0	-0	-0	1.565	0.074
43.4	NaN	745	NaN	647	1	357	0	0	0	406	-0	-0	0	0	-0	0	-0	-0	1.559	0.015
43.5	NaN	745	NaN	647	1	357	0	0	0	406	-0	-0	0	0	-0	0	-0	-0	1.55	0.061
43.6	NaN	745	NaN	647	1	357	0	0	0	406	-0	-0	0	0	-0	0	-0	-0	1.537	-0.058
43.7	NaN	745	NaN	647	1	357	0	0	0	406	-0	-0	0	0	-0	0	-0	-0	1.535	-0.041
43.8	NaN	745	NaN	647	1	357	0	0	0	406	-0	-0	0	0	-0	0	-0	-0	1.535	0.015
43.9	NaN	745	NaN	647	1	357	0	0	0	406	-0	-0	0	0	-0	0	-0	-0	1.531	0.077
44	NaN	745	NaN	647	1	357	0	0	0	406	-0	-0	0	0	-0	0	-0	-0	1.523	-0.065
44.1	NaN	745	NaN	647	1	357	0	0	0	406	-0	-0	0	0	-0	0	-0	-0	1.513	-0.02
44.2	NaN	745	NaN	647	1	357	0	0	0	406	-0	-0	0	0	-0	0	-0	-0	1.498	-0.069
44.3	NaN	745	NaN	647	1	357	0	0	0	406	-0	-0	0	0	-0	0	-0	-0	1.489	-0.287
44.4	NaN	745	NaN	647	1	357	0	0	0	406	-0	-0	0	0	-0	0	-0	-0	1.481	-0.229
44.5	NaN	745	NaN	647	1	357	0	0	0	406	-0	-0	0	0	-0	0	-0	-0	1.47	0.07
44.6	NaN	745	NaN	647	1	357	0	0	0	406	-0	-0	0	0	-0	0	-0	-0	1.467	0.177
44.7	NaN	745	NaN	647	1	357	0	0	0	406	-0	-0	0	0	-0	0	-0	-0	1.461	-0.047
44.8	NaN	745	NaN	647	1	357	0	0	0	406	-0	-0	0	0	-0	0	-0	-0	1.448	-0.13
44.9	NaN	745	NaN	647	1	357	0	0	0	406	-0	-0	0	0	-0	0	-0	-0	1.426	-0.208
45	NaN	745	NaN	647	1	357	0	0	0	406	-0	-0	0	0	-0	0	-0	-0	1.408	-0.267
45.1	NaN	745	NaN	647	1	357	0	0	0	406	-0	-0	0	0	-0	0	-0	-0	1.386	-0.073
45.2	NaN	745	NaN	647	1	357	0	0	0	406	-0	-0	0	0	-0	0	-0	-0	1.376	-0.122
45.3	NaN	745	NaN	647	1	357	0	0	0	406	-0	-0	0	0	-0	0	-0	-0	1.371	-0.022
45.4	NaN	745	NaN	647	1	357	0	0	0	406	-0	-0	0	0	-0	0	-0	-0	1.356	-0.153
45.5	NaN	745	NaN	647	1	357	0	0	0	406	-0	-0	0	0	-0	0	-0	-0	1.334	-0.192
45.6	NaN	745	NaN	647	1	357	0	0	0	406	-0	-0	0	0	-0	0	-0	-0	1.319	-0.059
45.7	NaN	745	NaN	647	1	357	0	0	0	406	-0	-0	0	0	-0	0	-0	-0	1.296	0.009
45.8	NaN	745	NaN	647	1	357	0	0	0	406	-0	-0	0	0	-0	0	-0	-0	1.277	-0.06
45.9	NaN	745	NaN	647	1	357	0	0	0	406	-0	-0	0	0	-0	0	-0	-0	1.26	-0.099
46	NaN	745	NaN	647	1	357	0	0	0	406	-0	-0	0	0	-0	0	-0	-0	1.247	-0.182
46.1	NaN	745	NaN	647	1	357	0	0	0	406	-0	-0	0	0	-0	0	-0	-0	1.239	-0.158
46.2	NaN	745	NaN	647	1	357	0	0	0	406	-0	-0	0	0	-0	0	-0	-0	1.235	-0.038
46.3	NaN	745	NaN	647	1	357	0	0	0	406	-0	-0	0	0	-0	0	-0	-0	1.222	-0.159
46.4	NaN	745	NaN	647	1	357	0	0	0	406	-0	-0	0	0	-0	0	-0	-0	1.207	-0.266
46.5	NaN	745	NaN	647	1	357	0	0	0	406	-0	-0	0	0	-0	0	-0	-0	1.189	-0.13
46.6	NaN	745	NaN	647	1	357	0	0	0	406	-0	-0	0	0	-0	0	-0	-0	1.168	-0.214
46.7	NaN	745	NaN	647	1	357	0	0	0	406	-0	-0	0	0	-0	0	-0	-0	1.144	-0.337
46.8	NaN	745	NaN	647	1	357	0	0	0	406	-0	-0	0	0	-0	0	-0	-0	1.113	-0.299
46.9	NaN	745	NaN	647	1	357	0	0	0	406	-0	-0	0	0	-0	0	-0	-0	1.089	-0.232
47	NaN	745	NaN	647	1	357	0	0	0	406	-0	-0	0	0	-0	0	-0	-0	1.059	-0.239
47.1	NaN	745	NaN	647	1	357	0	0	0	406	-0	-0	0	0	-0	0	-0	-0	1.032	-0.295
47.2	NaN	745	NaN	647	1	357	0	0	0	406	-0	-0	0	0	-0	0	-0	-0	1.004	-0.367
47.3	NaN	745	NaN	647	1	357	0	0	0	406	-0	-0	0	0	-0	0	-0	-0	0.984	-0.335
47.4	NaN	745	NaN	647	1	357	0	0	0	406	-0	-0	0	0	-0	0	-0	-0	0.953	-0.244
47.5	NaN	745	NaN	647	1	357	0	0	0	406	-0	-0	0	0	-0	0	-0	-0	0.927	-0.306
47.6	NaN	745	NaN	647	1	357	0	0	0	406	-0	-0	0	0	-0	0	-0	-0	0.894	-0.327
47.7	NaN	745	NaN	647	1	357	0	0	0	406	-0	-0	0	0	-0	0	-0	-0	0.865	-0.351
47.8	NaN	745	NaN	647	1	357	0	0	0	406	-0	-0	0	0	-0	0	-0	-0	0.824	-0.257
47.9	NaN	745	NaN	647	1	357	0	0	0	406	-0	-0	0	0	-0	0	-0	-0	0.791	-0.305
48	NaN	745	NaN	647	1	357	0	0	0	406	-0	-0	0	0	-0	0	-0	-0	0.757	-0.393
48.1	NaN	745	NaN	647	1	357	0	0	0	406	-0	-0	0	0	-0	0	-0	-0	0.72	-0.343
48.2	NaN	745	NaN	647	1	357	0	0	0	406	-0	-0	0	0	-0	0	-0	-0	0.692	-0.263
48.3	NaN	745	NaN	647	1	357	0	0	0	406	-0	-0	0	0	-0	0	-0	-0	0.662	-0.347
48.4	NaN	745	NaN	647	1	357	0	0	0	406	-0	-0	0	0	-0	0	-0	-0	0.61	-0.42
48.5	NaN	745	NaN	647	1	357	0	0	0	406	-0	-0	0	0	-0	0	-0	-0	0.579	-0.395
48.6	NaN	745	NaN	647	1	357	0	0	0	406	-0	-0	0	0	-0	0	-0	-0	0.549	-0.33
48.7	NaN	745	NaN	647	1	357	0	0	0	406	-0	-0	0	0	-0	0	-0	-0	0.515	-0.358
